10
5 4214 1
194 990 590 584 818
189 462 104 382 430
3 6517 5
283 90 955
322 217 400
5 450 4
872 134 247 507 274
281 17 858 793 69
26 8778 3
254 430 854 402 620 762 784 965 312 595 701 522 872 784 934 291 11 884 691 475 627 563 933 958 330 947
991 530 411 470 714 386 71 876 519 559 141 252 308 15 529 180 307 5 72 385 901 570 73 658 239 627
9 1847 5
3676 5082 1921 8279 5365 3930 4852 7701 9104
1694 702 9896 4454 9508 9195 6740 8186 5840
40 3597 2
8066 8618 7114 2309 4382 115 8881 5820 3150 3868 626 8454 4516 1749 9538 257 249 1818 4896 5669 7106 9456 7350 434 6349 1588 4583 9335 178 2769 480 5415 5139 5000 6680 2307 9966 5222 7137 2933
4701 9695 5502 5650 9071 1703 9598 1206 1209 3277 173 8496 9133 5531 559 5267 3265 619 1769 1155 7210 4570 8305 8548 3407 4038 9218 8510 2412 5632 2100 8363 363 3739 7383 1783 2812 4762 7945 3183
19 734 2
373 1451 194 7283 3092 799 5826 4895 5538 732 3348 5497 5642 1800 3435 5369 9709 1516 384
4775 9632 3281 4207 1773 4691 9140 5382 2517 1381 8357 8554 1878 8263 4658 1981 373 5703 4741
18 652 4
10 45 46 3 35 49 19 7 14 38 19 15 14 13 31 36 29 28
3 14 8 45 7 46 14 44 41 29 29 27 16 38 44 17 35 4
87 3170 4
49 50 34 46 34 15 47 5 9 35 28 8 14 47 22 48 20 34 29 39 39 38 32 15 6 41 25 37 14 33 1 5 33 14 32 30 11 14 14 13 28 11 25 4 36 22 17 40 26 5 39 10 23 46 45 26 9 21 12 41 36 26 29 13 32 14 48 48 42 2 49 34 43 7 14 1 27 15 47 18 18 22 11 4 44 46 1
12 17 23 36 9 2 17 40 43 17 33 41 35 14 6 10 28 17 47 25 26 20 28 26 14 12 7 25 9 20 45 5 7 1 43 26 32 38 10 38 43 42 5 18 10 40 36 37 34 19 31 23 32 50 11 39 25 19 45 23 46 36 35 46 23 50 39 49 3 25 23 18 25 4 23 30 28 39 10 25 41 31 30 23 22 21 14
54 509 5
29 42 44 18 44 18 23 41 42 6 11 7 30 6 18 16 27 41 39 20 4 29 20 36 45 41 46 12 37 21 35 23 46 13 38 40 9 46 19 30 37 46 14 45 3 17 4 12 13 45 12 25 6 42
12 1 39 46 17 23 26 2 41 3 47 38 38 2 39 20 4 1 9 39 1 26 39 17 42 49 50 37 29 41 15 21 3 26 8 6 31 36 28 32 43 6 22 16 40 2 37 9 37 31 38 21 40 29