100
54 61 1 34844
73 7 29 11877
94 68 90 64822
93 88 83 6956
91 72 80 15980
86 68 15 84660
64 80 32 93805
61 81 51 2332
62 10 58 63032
48 45 47 83095
89 60 68 73249
9 89 3 53957
94 51 85 94410
33 90 21 74621
56 95 2 26378
70 69 57 54118
98 48 98 20553
28 1 19 14105
89 69 89 74465
93 54 86 38240
82 48 18 94046
99 33 99 24570
98 2 73 67614
85 59 38 50516
54 6 33 81778
57 99 41 30160
84 59 82 69595
55 43 6 29985
80 44 11 82701
17 81 7 84493
39 93 35 43150
76 72 3 40969
52 56 48 56727
73 9 10 37408
82 34 10 47473
96 100 94 68460
80 58 77 13785
96 34 76 65371
93 66 86 1501
97 98 89 25963
28 43 14 48380
39 54 27 30221
87 31 16 52074
78 20 31 40101
97 94 97 48873
59 84 31 13223
59 72 56 91503
60 58 35 34012
60 66 20 55814
99 74 33 85659
80 78 13 21767
36 97 34 44591
68 29 50 56734
88 54 82 53783
90 20 11 68041
82 8 69 26752
95 58 70 88248
45 76 10 79341
76 46 43 15214
83 9 73 36047
70 26 57 65278
43 74 38 53389
94 52 61 24494
35 56 31 31805
85 18 84 41271
64 70 8 39400
96 71 78 32994
95 61 14 19497
98 50 97 42796
94 74 85 48622
81 92 7 51586
67 93 1 34549
91 34 45 36805
92 90 28 7376
96 69 94 69255
80 22 68 73409
98 96 98 68588
98 56 93 6622
91 46 56 55657
70 77 63 85101
68 55 65 88776
87 17 47 15177
92 1 91 11938
79 38 73 7387
51 73 17 61826
93 94 83 6976
88 45 68 21576
82 63 57 11369
84 20 12 34403
94 71 81 7350
75 3 71 56661
86 70 76 51578
97 63 96 99795
82 61 20 19706
4 62 1 16834
98 62 92 47309
42 14 22 23899
50 8 2 77532
89 18 86 50951
72 2 69 26531
