1000
100000
100100
100200
100300
100400
100500
100600
100700
100800
100900
101000
101100
101200
101300
101400
101500
101600
101700
101800
101900
102000
102100
102200
102300
102400
102500
102600
102700
102800
102900
103000
103100
103200
103300
103400
103500
103600
103700
103800
103900
104000
104100
104200
104300
104400
104500
104600
104700
104800
104900
105000
105100
105200
105300
105400
105500
105600
105700
105800
105900
106000
106100
106200
106300
106400
106500
106600
106700
106800
106900
107000
107100
107200
107300
107400
107500
107600
107700
107800
107900
108000
108100
108200
108300
108400
108500
108600
108700
108800
108900
109000
109100
109200
109300
109400
109500
109600
109700
109800
109900
110000
110100
110200
110300
110400
110500
110600
110700
110800
110900
111000
111100
111200
111300
111400
111500
111600
111700
111800
111900
112000
112100
112200
112300
112400
112500
112600
112700
112800
112900
113000
113100
113200
113300
113400
113500
113600
113700
113800
113900
114000
114100
114200
114300
114400
114500
114600
114700
114800
114900
115000
115100
115200
115300
115400
115500
115600
115700
115800
115900
116000
116100
116200
116300
116400
116500
116600
116700
116800
116900
117000
117100
117200
117300
117400
117500
117600
117700
117800
117900
118000
118100
118200
118300
118400
118500
118600
118700
118800
118900
119000
119100
119200
119300
119400
119500
119600
119700
119800
119900
120000
120100
120200
120300
120400
120500
120600
120700
120800
120900
121000
121100
121200
121300
121400
121500
121600
121700
121800
121900
122000
122100
122200
122300
122400
122500
122600
122700
122800
122900
123000
123100
123200
123300
123400
123500
123600
123700
123800
123900
124000
124100
124200
124300
124400
124500
124600
124700
124800
124900
125000
125100
125200
125300
125400
125500
125600
125700
125800
125900
126000
126100
126200
126300
126400
126500
126600
126700
126800
126900
127000
127100
127200
127300
127400
127500
127600
127700
127800
127900
128000
128100
128200
128300
128400
128500
128600
128700
128800
128900
129000
129100
129200
129300
129400
129500
129600
129700
129800
129900
130000
130100
130200
130300
130400
130500
130600
130700
130800
130900
131000
131100
131200
131300
131400
131500
131600
131700
131800
131900
132000
132100
132200
132300
132400
132500
132600
132700
132800
132900
133000
133100
133200
133300
133400
133500
133600
133700
133800
133900
134000
134100
134200
134300
134400
134500
134600
134700
134800
134900
135000
135100
135200
135300
135400
135500
135600
135700
135800
135900
136000
136100
136200
136300
136400
136500
136600
136700
136800
136900
137000
137100
137200
137300
137400
137500
137600
137700
137800
137900
138000
138100
138200
138300
138400
138500
138600
138700
138800
138900
139000
139100
139200
139300
139400
139500
139600
139700
139800
139900
140000
140100
140200
140300
140400
140500
140600
140700
140800
140900
141000
141100
141200
141300
141400
141500
141600
141700
141800
141900
142000
142100
142200
142300
142400
142500
142600
142700
142800
142900
143000
143100
143200
143300
143400
143500
143600
143700
143800
143900
144000
144100
144200
144300
144400
144500
144600
144700
144800
144900
145000
145100
145200
145300
145400
145500
145600
145700
145800
145900
146000
146100
146200
146300
146400
146500
146600
146700
146800
146900
147000
147100
147200
147300
147400
147500
147600
147700
147800
147900
148000
148100
148200
148300
148400
148500
148600
148700
148800
148900
149000
149100
149200
149300
149400
149500
149600
149700
149800
149900
5041
5467
5334
5500
5169
5724
5478
5358
5962
5464
5705
5145
5281
5827
5961
5491
5995
5942
5827
5436
5391
5604
5902
5153
5292
5382
5421
5716
5718
5895
5447
5726
5771
5538
5869
5912
5667
5299
5035
5894
5703
5811
5322
5333
5673
5664
5141
5711
5253
5868
5547
5644
5662
5757
5037
5859
5723
5741
5529
5778
5316
5035
5190
5842
5288
5106
5040
5942
5264
5648
5446
5805
5890
5729
5370
5350
5006
5101
5393
5548
5629
5623
5084
5954
5756
5840
5966
5376
5931
5308
5944
5439
5626
5323
5537
5538
5118
5082
5929
5541
204833
231115
204639
229658
222704
209930
213977
202306
231673
222386
205021
228745
226924
219072
206270
205829
226777
215573
205097
216512
223986
213290
209161
218636
222355
224767
223655
215574
204031
212052
227350
201150
216941
221724
213966
203430
231107
230191
218007
211337
215457
212287
227753
210383
214945
208909
232209
209758
224221
218588
206422
224946
227506
213030
216413
229168
200900
232591
218762
201655
217410
206359
227624
220537
221548
206483
227595
204041
203602
224350
210291
230836
209374
211020
204596
224021
227348
223199
219668
224484
208281
204734
200053
201999
226418
227938
206900
203788
218127
200467
203728
214893
224648
222483
217807
202421
214310
206617
222813
209514
504309
507616
508935
507451
500600
505249
506519
501556
502798
500303
506224
501008
505844
502609
504989
502702
503195
500485
503093
504343
500523
501587
509314
509503
507448
505200
503458
506618
500580
509796
504798
505281
509589
500798
508009
507157
500472
503622
508538
502292
506038
504179
508190
509657
507958
506191
509815
502888
509156
501511
506202
502634
504272
500055
500328
502646
506362
504886
508875
508433
509869
500142
503844
501416
501881
501998
500322
508651
500021
505699
503557
508476
507892
504389
505075
500712
502600
502510
501003
506869
507861
504688
503401
509789
505255
506423
505002
500585
504182
500285
507088
501426
508617
503757
509832
500932
504169
502154
505721
507189
809976
801329
802368
808692
801425
800555
803434
806549
807441
809512
800145
808060
801718
803753
806139
802423
806279
805996
806687
802529
802549
807437
809866
802949
800193
803195
803297
800416
808286
806105
804488
806282
802455
805734
808114
801701
801316
800671
805786
802263
804313
804355
801185
800053
800912
800808
801832
800945
804313
807756
808321
809558
803646
807982
800481
804144
803196
800222
807129
802161
805535
800450
801173
800466
802044
801659
806292
806439
807253
800024
806154
809510
804745
800649
803186
808313
804474
808022
802168
804018
808787
809905
807958
807391
800202
803625
806477
804414
809314
805824
809334
805874
804372
800159
801833
808070
807487
808297
807518
808177
1000000
1000000
1000000
1000000
1000000
1000000
1000000
1000000
1000000
1000000
1000000
1000000
1000000
1000000
1000000
1000000
1000000
1000000
1000000
1000000
1000000
1000000
1000000
1000000
1000000
1000000
1000000
1000000
1000000
1000000
1000000
1000000
1000000
1000000
1000000
1000000
1000000
1000000
1000000
1000000
1000000
1000000
1000000
1000000
1000000
1000000
1000000
1000000
1000000
1000000
1000000
1000000
1000000
1000000
1000000
1000000
1000000
1000000
1000000
1000000
1000000
1000000
1000000
1000000
1000000
1000000
1000000
1000000
1000000
1000000
1000000
1000000
1000000
1000000
1000000
1000000
1000000
1000000
1000000
1000000
1000000
1000000
1000000
1000000
1000000
1000000
1000000
1000000
1000000
1000000
1000000
1000000
1000000
1000000
1000000
1000000
1000000
1000000
1000000
1000000
