100
1 1
1000 1
992 1
986 1
975 1
960 1
949 1
932 1
928 1
911 1
910 1
908 1
897 1
886 1
877 1
862 1
845 1
829 1
825 1
816 1
799 1
785 1
778 1
776 1
766 1
765 1
761 1
754 1
740 1
723 1
707 1
701 1
693 1
692 1
676 1
663 1
646 1
640 1
625 1
624 1
622 1
621 1
613 1
601 1
592 1
586 1
575 1
568 1
556 1
545 1
528 1
527 1
513 1
510 1
504 1
488 1
476 1
468 1
465 1
464 1
457 1
443 1
434 1
424 1
418 1
411 1
394 1
377 1
363 1
362 1
358 1
353 1
344 1
338 1
325 1
310 1
300 1
283 1
270 1
261 1
245 1
232 1
220 1
210 1
197 1
183 1
177 1
168 1
165 1
149 1
140 1
130 1
117 1
113 1
102 1
100 1
87 1
70 1
67 1
58 1
