10
2 2
1 0
0 1
4 4
1 1 0 0
0 1 1 0
0 0 1 0
1 0 0 0
5 4
0 0 1 1
0 0 1 0
0 1 1 0
0 1 0 0
1 1 0 0
4 4
1 1 0 0
0 1 1 0
0 0 1 0
1 0 0 0
5 5
0 1 1 1 1
1 0 0 0 1
1 1 0 1 0
0 1 0 1 1
0 1 1 1 0
7 5
1 1 1 0 1
0 0 1 0 0
1 1 0 1 0
0 1 1 0 0
0 0 0 0 0
0 1 0 0 0
0 0 1 1 0
7 8
1 0 0 1 0 1 0 0
0 0 0 0 0 0 0 1
1 0 1 0 1 0 0 0
0 0 0 0 0 0 1 0
1 0 0 1 0 0 0 0
0 0 0 0 0 0 0 1
0 1 0 0 0 1 0 0
8 9
0 1 0 0 0 0 1 1 0
1 1 0 0 1 0 0 0 1
0 0 0 0 1 0 1 0 0
0 1 1 1 0 1 0 1 1
0 1 1 1 0 0 1 1 0
0 1 0 1 1 0 1 1 0
0 1 0 0 1 1 0 1 1
1 0 1 1 1 1 0 0 0
10 10
1 1 1 1 1 1 1 1 1 1
1 1 1 1 1 1 1 1 1 1
1 1 1 1 1 1 1 1 1 1
1 1 1 1 1 1 1 1 1 1
1 1 1 1 1 1 1 1 1 1
1 1 1 1 1 1 1 1 1 1
1 1 1 1 1 1 1 1 1 1
1 1 1 1 1 1 1 1 1 1
1 1 1 1 1 1 1 1 1 1
1 1 1 1 1 1 1 1 1 1
10 10
0 0 0 0 0 0 0 0 0 0
0 0 0 0 0 0 0 0 0 0
0 0 0 0 0 0 0 0 0 0
0 0 0 0 0 0 0 0 0 0
0 0 0 0 0 0 0 0 0 0
0 0 0 0 0 0 0 0 0 0
0 0 0 0 0 0 0 0 0 0
0 0 0 0 0 0 0 0 0 0
0 0 0 0 0 0 0 0 0 0
0 0 0 0 0 0 0 0 0 0
