100
844884884444879
884444488484603
4488484888888860
484488848848879
88848484844562
8888444448485
8448448884888888
448444848885586
8848888848885
448848884448886
8484888484444445
8448884444848478
48444472
8444444488448847
8488848448848847
84884844488482
8884488848884486
8444848848884846
48888884482291
8448448845
444844488888457
844488848884873
8884488444884447
8848884484444796
4884484444844484
4448884884446
8848844844488446
8484888448885978
8848888848844885
8448448888488447
488488444444488
8488884848888846
448484444888445
4448444444448856
4884484488884474
8484844444848466
8484844488884881
8844448484488456
844888488844462
8844488848488882
484448448884846
8848484448884486
84444888704
444888448448812
8488484848888847
4884844488844469
8844448884488486
84888844447
844444844448471
888844488486289
8888444848884639
848884444888458
4488844848844445
48888484447588
4888444513022624
4844444448856627
84884488888421
4444444884844487
4488888488888446
4448848844862
4848844884844
4488484488448459
444888484884460
4884484888888788
8888484888848548
888484484872054
84844888888846
8848884848484447
8444484888486010
848844848888447
4488484448488447
4848484848448848
48484848448
484848484884888
444848444448845
448848444888459
8484888844628217
484488484848484
448448848848879
484844888448486
44888488456
4884844884886
444484844488639
844884444448884
844448488884444
888488875742
4484484848884610
88484488486489
48488848888888
884444488884847
844888888884444
884888444484844
8444448488762551
484888888444
444888484888887
4884848884488885
8888488488448845
8884488848445
844888643
44844488884470