1000
368961814
975938595
32005288
1893729800
1439670907
1130303096
1106790214
1632004217
1639504188
1381160004
1669077464
1537243133
1161263776
981019597
867285895
1520493587
438813382
1182324438
2114305065
586581358
1819001042
1633507305
833781949
233250117
2024909890
1162408518
120485397
605057111
962657630
1702264424
1663011726
1714804607
1879268046
1408220464
174872571
1544028143
1753058886
2092790705
1491561120
800470284
1597887068
455162263
1343711834
1953770982
2001202041
910001204
2112275676
60094546
1440521710
1343166504
1303367700
655047590
1182872350
610511789
893804460
1923656977
210034649
673981309
1634594988
318386068
32308682
1086682208
1371254076
1857796513
739125766
1698288469
1700113031
1849080398
187136708
1370259036
1551164092
470767670
1966480940
1505560542
338005294
548439021
269145160
1985195706
1385797275
1917614109
1485821463
1284959470
1285233546
1323753794
608492480
1331889885
342419149
1706526462
257954788
1562314050
1973753382
621277465
685637132
2111251378
958277382
924590617
1261910593
2008767943
540855665
1398677882
59932603
1797350639
1457854205
42315659
456789169
227797199
29326328
544283877
587137359
2045623381
239509673
846847880
858404806
413008217
62957743
1021255571
197217149
1604003055
1284972167
520754592
1365221733
2145195595
1819185449
546550970
768500586
2064892497
1091512785
1437645308
369328389
777354681
214014939
681630663
140437230
106014684
1817702599
1351578271
922632175
567177245
1875890781
1889506722
770879700
2088585206
41161962
1094927527
422125951
1562389406
951935912
2048711151
151831832
2134018900
185471291
86220170
2020914017
74137419
853749336
540537930
1432913191
1780060210
1146431616
1583432796
1842677204
2016804447
300176106
355944840
411642914
480252311
1219615615
656028421
1256500202
118299516
2106314239
997754105
2141491994
1312847508
1471866689
1628919693
1884259269
1139043314
1198201495
314650026
1745501525
40077699
1727253328
1183399250
1966491355
974443255
240311383
781493149
2051517575
1703532361
1191041016
1438162510
719053363
376722669
501125571
970229009
661323033
101299862
906282121
994040915
1091409574
1873105569
107761283
1871739838
48548454
2001663777
676318611
2080531024
215408926
509209735
1006206370
680161815
1655331576
2133407982
1677744936
1370942859
875703001
283676161
8235977
680800391
1650005199
1901456266
1160195869
1383710438
1183269286
875470999
2021415304
915104438
1564227993
1444083019
460921672
897299484
317233190
1851680574
111596942
1029244100
775285498
1697055378
319569859
1417890050
1512066572
1056244115
1837571819
1006188682
61634246
1064074506
2108084519
1804894408
1270743133
1639290655
1011666772
640713437
1488776002
629943016
440952529
229947191
309748144
1361488530
905252191
120811724
739504998
859076138
615960865
1331649011
222665327
934188297
807831234
992322783
1475214108
1656380378
116881333
1155566008
803565844
1158424905
1497002648
1811237976
2111806338
1303446346
2059288498
610968479
1716009580
2022211331
1795922843
699923571
1277644580
1134886231
1090189819
559657559
1005162967
1054795280
172257898
1984821159
2036952642
1757948840
1372477815
1875363693
1894111621
1165492660
1879386052
1873861348
785871632
452677614
122646863
1291664519
334070458
456461277
2111491787
1811067604
937657840
1547846435
1235925804
1800920226
690560522
564674659
35686210
1435662620
834752953
1984943309
725853565
894956889
1538470813
1882681415
1023651791
1718286745
471146483
1937134137
799123887
93474847
797762412
491109621
612638777
52502438
391265560
1709815234
672262770
783160193
673860993
1747024772
2011786154
1888922450
1281991893
1189117449
621173242
4557926
1475592762
2031304690
1766206189
1753632428
1820980806
2076192060
1935370299
1528749904
1386789511
1535840362
2109886128
839791353
1859235900
1210216529
2026715436
1624351131
93427751
2030616703
1132820931
1452140025
754234746
538963529
50684676
1485724347
93400558
838628464
507142999
1390194471
1056315635
1861074799
1086993536
73198975
1950814210
1014778980
826556736
1081953527
2033660430
2054851736
620266266
1472653650
848538648
793524141
1491024435
1645484568
926742754
358110819
1594949971
1250083702
804202939
307556359
830791688
1107598002
682404473
1289741432
1698831593
1599404105
1126437509
1950817495
1594733048
700150182
622900496
840621259
1073177889
1761350785
438223460
1606917741
455648991
600423891
513207381
1084326615
1595373822
480028273
1940037590
421658948
216121211
2056707916
559482280
1060708068
1027177863
448927556
2127961132
1344149823
152084650
957195428
1801477210
1117785411
1966808069
1168731198
1773566922
1748354284
497563056
441049124
72744432
999585166
851445825
2099965952
1487169125
604494018
805329518
283862289
1651506784
767732203
239341258
775406531
911884099
1602564708
5410219
508783849
260904017
1441279560
1904782125
226515097
79512958
385151965
314747727
363947172
1829731679
572024733
289875514
1383649456
337280065
1066198755
1349299874
509878772
605563477
1873802031
1563442245
1502627984
1199594249
1895499798
688946321
1423212679
48444273
119776713
2137148259
974129242
1376142820
232602175
404010473
1217292098
2133234852
1182282498
547293608
364354825
569560501
2076451219
767136153
1241331077
1349792206
1473215611
648659823
902486450
2077341805
301868784
527744756
30447723
348136197
840468768
106373521
1793507525
413847891
822584092
1754222572
665765896
877414607
1989092452
183990188
445797707
1873445181
1931293195
775859032
1568222379
1096427618
106440071
551852637
1864389671
749547220
420294167
1754367790
940076059
1529090027
1747410641
1092369798
1008129367
842950356
1023759175
1135209161
1441062620
717128387
1182545109
267377288
1525798194
1723649096
1874430602
1121794339
270560617
1671622075
1939987889
418586249
162899370
1903415506
853597435
1769161500
1360450936
1220846417
2034255946
1316085935
778454921
1973171424
1185255196
182280625
1887000379
305209336
1173007250
316055651
1343794101
1179930615
1984259100
1717475397
464177819
777819732
196656580
378178447
401792109
2143363308
2059340051
1480441563
1292967037
1029423995
1469551523
1022889184
1108348555
1722361382
688498755
884651096
614544382
1265371956
1369384896
125362691
266181313
1761213917
1945347158
1327470789
394936248
994761787
1935247795
890812907
187031262
382324317
1348828068
1097273227
1686465277
2147310715
1367913823
1513446153
983435016
1820685891
1164301164
1058048438
99547928
952720722
1536692784
723866002
1315684098
1276937406
1608231703
400267314
2054018193
2034276304
730241629
288236989
1152895845
203160015
1688975226
222512656
814639207
39792887
766945832
1630738946
335710951
281595529
1919804946
1068661441
693504341
1893631484
145782554
799371611
177168281
1953187153
1318586439
1049257049
24357135
1744650372
1099181898
1163869574
1205600290
1495007774
1486530219
808708557
5438852
119386855
572047509
624014656
2126033159
394521273
269286458
362095925
267849243
62618736
1666467812
1645220491
204891621
455069438
1101339034
1583605258
404826360
274298267
229320811
970979560
1631570610
1572395289
1230581850
1508785000
585711669
1277748309
1732430565
18375581
1112683777
417514954
1722222132
168953421
1888268075
1313536063
527762651
1735924720
2053864764
1836115105
1654558796
2084344792
869820329
2058194667
874588124
2117908330
1273085930
1844633665
1038923376
241909642
406030137
765739037
1305983172
744693269
729417448
711610016
1203977815
1816534408
1844401247
1853796874
76402423
1704630462
666032817
277481797
1562042084
445492438
1763812315
1081947548
656743332
78866227
1205320600
753945993
577534819
355766684
1122936292
1420077739
1018534148
443670148
739410699
384607446
1352566472
1453217637
1153899372
1309846597
119923097
1439633221
1229958351
293770474
679710452
345783131
1354756960
2106787046
1396649841
1657795530
1097500744
830085140
1323757553
434175628
1506299879
1884777152
1527382883
960243306
297161135
560913782
902082354
1623506983
1914893216
1758626804
1809871951
1419583421
530133852
1777291585
1307147990
1985077183
505943782
1473721047
1648567904
856620253
210644731
1960602875
114813156
850651014
1962190093
792537646
1646127690
1082903976
813887192
1482379195
560964238
2118221459
1212932515
1852557681
2059994253
8022779
589725461
1321836139
208930672
679109404
277902770
340541707
582229170
1466553592
1516105456
507882501
1756282063
1215458492
827974906
826539671
659018890
1258428737
364108288
326855127
1829469403
876779182
1456171833
653812004
1378551668
1716764986
339204470
411508670
833227247
1463357967
728842596
985445746
498643350
751749194
1810029918
1507781742
1803766222
211902495
2047429357
2058058291
1595113248
642390554
1194683869
1481903527
1490979045
656241792
1983654653
344714314
1290011534
312776916
1332008050
945614977
158590350
1923669877
1659617720
549772046
1047435492
1000909668
520891703
335088033
1270408008
1233059876
475795837
180208775
1733158641
670782394
1123442718
228554113
1534338561
1111310036
807111717
724515248
817828494
570412294
204866102
1607033003
1951749454
263868207
607111234
1476627123
571249886
431534586
1214258917
633944062
636364719
1630239360
1521196639
545831727
239385230
1624222475
1516169517
532652263
889820622
1800466934
510897731
601144949
1980287763
470590640
670127337
1017067945
2029925822
1099049183
1503022127
1784478662
954324976
94735777
1569495054
1112547733
2050539069
1200830189
1027331613
1793202838
1378366447
1072667928
737448940
2099530066
568046068
1269580404
1054109953
1710298828
1915392613
1777939
1484793453
1961724693
150024883
1095496361
1036529161
173710591
1289866864
1153619087
1117676370
1059490537
1749810360
617474532
1754175454
1612820154
1948146234
473415118
1590801787
582967017
1356106214
1089357790
263366627
1182961336
62674485
848467090
418768925
1665073024
782195984
1709388787
15213426
1691546920
1259032670
2008264799
356915210
772439983
667514157
465923937
1140285732
1159498729
2000071548
695893692
1631030511
1304628551
716695714
2015424391
652506631
1785901774
253472351
1855816050
1390312079
1959508266
1979164798
10911782
1851181799
337939420
1369062179
1923863755
389130762
556271502
245001143
1796697507
988158343
34361223
1007496812
467746259
1159858970
1359235129
2022556271
346306370
1133629927
1969023224
657942186
2140520602
890973522
2019079877
386486578
957827436
1766319997
1416550985
93483860
707903088
1512153439
1698194141
1641100343
1145356266
1593837182
1194158278
1586228270
598711335
1801732681
24961150
380209821
240660518
764424468
1424298285
652112004
1372844116
1387620016
631226423
1022896557
1840872304
973063334
55854062
248729198
1969568142
1000000000000000