10
142 86 37 849
83 50 182
48 65 125
40 51 149
32 35 182
8 2 197
56 52 77
6 31 177
42 5 198
59 57 159
1 17 88
15 58 100
74 46 119
53 12 152
67 68 138
82 22 11
57 37 89
1 25 193
6 47 81
51 50 43
40 74 80
77 59 115
37 39 28
67 82 117
37 3 68
82 49 137
23 71 72
64 73 70
8 85 40
13 78 84
73 64 192
61 30 100
72 14 30
48 40 169
60 51 88
27 68 148
77 73 140
70 65 46
79 33 181
26 3 152
86 34 61
6 25 146
80 81 67
77 80 143
18 66 147
13 36 9
20 28 128
16 85 47
4 62 108
76 72 106
41 15 184
34 2 167
11 57 126
70 29 43
72 77 102
69 44 114
51 47 174
44 40 131
53 33 62
60 85 155
29 77 11
85 86 130
79 49 142
1 37 84
85 4 40
64 27 146
23 38 79
65 45 76
61 52 138
2 5 118
85 33 99
1 32 83
64 86 21
19 16 29
18 78 73
86 84 131
37 79 24
3 5 43
71 46 156
22 25 78
27 48 129
42 80 189
18 45 59
4 70 63
61 38 59
74 39 71
64 32 18
13 66 135
69 84 188
74 38 43
72 14 135
28 35 174
32 5 26
83 54 128
65 50 6
85 10 91
33 77 149
72 86 29
34 55 174
77 33 25
70 8 87
15 13 90
1 84 13
18 57 39
37 84 56
48 26 193
6 10 159
15 30 11
34 82 118
34 15 61
17 47 141
27 66 35
36 75 177
2 68 152
20 5 152
44 51 113
19 39 76
78 28 138
19 45 6
23 22 18
59 81 86
16 37 130
23 45 12
55 68 50
41 51 41
3 70 189
5 83 194
60 79 166
19 16 74
82 67 23
1 62 156
27 32 103
60 24 38
72 18 178
63 8 157
45 4 127
7 21 141
33 63 154
55 64 79
25 8 66
55 72 104
81 32 180
43 34 38
76 72 56 725
28 62 51
4 14 144
66 19 200
1 66 102
72 4 153
26 7 104
46 5 129
29 6 162
56 66 169
20 28 50
68 50 19
13 11 41
41 42 171
7 4 17
65 35 175
6 59 27
9 43 33
29 49 21
22 7 185
6 65 137
20 43 91
64 60 131
20 46 76
48 15 21
47 2 190
59 4 182
43 54 167
22 21 104
28 59 27
22 50 165
40 59 138
59 35 162
67 13 129
48 36 110
2 64 101
40 29 40
58 8 40
8 28 128
16 27 102
27 9 110
9 19 58
5 37 102
57 21 196
15 62 196
68 41 159
60 58 118
48 55 5
38 12 173
62 19 4
56 50 145
67 24 105
67 68 147
14 40 120
52 51 109
72 4 1
60 59 190
9 66 188
52 2 38
4 40 87
4 71 77
52 18 37
27 69 146
32 33 35
14 13 28
4 26 97
54 27 97
58 47 6
22 12 172
19 43 142
61 31 124
52 25 113
61 17 195
36 52 18
64 35 60
57 11 20
31 68 31
247 27 99 577
53 55 57
89 83 102
60 5 16
91 44 124
16 55 150
25 86 91
99 64 68
14 41 52
59 1 76
41 34 127
29 90 176
83 43 41
90 45 128
79 78 125
66 75 137
23 55 176
70 3 114
3 7 70
77 13 114
9 70 167
26 80 6
51 16 170
13 64 177
71 61 20
5 69 125
37 55 7
26 22 67
7 37 185
11 77 25
63 91 160
59 71 27
7 37 22
11 43 142
89 2 197
79 47 29
82 49 124
41 86 164
83 79 154
46 40 129
2 92 9
82 34 161
77 29 190
95 97 138
73 92 164
53 27 188
14 87 98
37 90 54
77 5 135
27 12 108
41 43 186
64 42 111
37 26 156
45 12 104
35 36 44
43 57 112
56 65 182
33 56 33
33 36 155
81 19 35
77 80 22
59 46 114
98 34 120
74 73 94
94 9 182
67 36 40
64 68 5
21 77 102
37 15 85
58 32 29
59 84 150
40 5 11
67 28 119
79 90 151
39 49 78
39 64 99
2 74 185
78 8 30
3 76 162
71 89 50
29 41 158
70 85 83
49 76 117
87 19 119
12 55 129
99 37 60
92 68 56
42 76 25
74 84 136
98 40 28
73 14 45
72 97 16
62 34 137
1 67 88
53 10 184
49 17 120
82 74 76
5 12 21
97 15 58
72 41 111
40 10 156
20 34 190
15 54 90
73 16 95
93 99 27
80 12 178
71 40 113
86 18 127
72 16 177
20 98 83
26 22 98
20 90 28
21 14 34
40 20 57
60 74 3
67 48 44
68 39 73
70 40 5
96 44 35
66 59 59
85 64 141
20 47 59
41 73 113
56 21 29
20 8 142
53 41 111
56 36 38
58 40 132
6 81 156
43 57 56
85 90 32
16 31 164
97 32 21
33 67 19
7 30 131
59 50 97
2 87 8
65 44 79
76 74 181
30 41 74
3 18 179
21 40 22
96 35 85
86 76 118
66 39 109
50 85 52
80 13 16
37 85 28
1 5 57
52 62 33
75 11 137
30 3 175
21 42 185
49 39 168
78 60 19
99 81 200
51 68 83
17 13 115
11 99 165
19 52 46
62 63 122
17 14 62
30 5 67
71 41 25
82 65 131
21 3 128
64 50 148
98 66 148
89 90 122
64 78 169
32 37 108
4 81 71
18 46 49
82 16 109
12 37 143
59 34 196
63 86 21
39 38 191
64 46 48
66 48 185
82 30 29
73 28 154
46 35 44
9 54 156
81 47 192
39 44 185
63 84 7
29 4 68
11 68 122
99 84 111
37 36 82
16 33 147
56 13 130
86 9 34
86 4 86
56 5 66
99 28 123
89 76 88
61 36 153
50 8 197
75 92 5
75 47 100
58 14 107
72 34 52
37 81 32
31 53 34
76 19 93
17 50 139
55 21 69
52 30 79
8 46 46
47 30 33
47 5 168
12 35 28
9 54 147
66 63 124
49 7 134
85 86 178
24 68 193
14 53 61
31 93 127
10 81 80
44 37 128
72 27 175
7 67 161
24 43 128
62 55 71
77 91 75
44 1 185
53 71 8
96 95 119
11 79 103
20 6 150
17 54 109
1 70 151
91 56 12
32 34 195
14 95 138
96 72 27
23 12 38
68 96 169
92 65 150
47 16 144
58 64 46
4 20 151
96 16 13
64 11 15
65 92 67
186 76 47 4
15 69 195
64 60 34
8 7 71
1 3 119
62 26 113
66 16 198
34 5 106
43 41 199
22 36 37
16 32 69
38 44 170
69 64 140
76 12 148
39 46 100
9 22 162
52 3 190
73 38 110
8 18 50
23 19 193
4 47 194
23 53 49
65 59 47
35 62 169
2 21 137
35 66 18
45 56 138
47 38 35
8 6 155
32 75 192
60 50 2
71 74 137
7 28 32
11 72 157
51 26 183
39 34 136
1 2 183
12 61 146
9 45 178
50 10 121
58 36 86
68 27 21
63 27 79
39 25 44
57 1 17
68 4 106
42 60 148
2 24 97
24 70 152
35 45 75
41 45 194
71 41 115
45 32 1
44 30 101
16 48 144
31 18 170
64 57 85
71 57 60
35 4 132
11 57 26
36 53 35
51 4 93
12 61 168
76 53 96
12 76 173
43 52 170
41 8 170
46 74 77
16 11 192
36 22 123
47 50 97
4 71 97
9 65 96
58 41 110
76 50 134
25 48 20
20 57 111
51 18 51
56 10 198
42 1 182
41 26 110
36 45 31
39 12 54
16 13 87
2 7 4
30 67 197
65 67 30
50 10 97
72 31 139
52 34 158
13 43 84
25 54 138
30 73 99
72 59 22
74 10 82
16 75 28
71 12 29
66 75 133
25 3 80
58 32 110
71 4 167
29 43 102
21 7 111
21 40 27
48 67 40
31 62 168
37 63 138
55 64 6
32 75 29
56 67 113
64 35 106
59 11 179
66 3 156
8 46 166
56 70 14
69 52 73
14 75 25
42 4 161
41 51 40
74 23 105
20 12 115
7 22 56
73 53 18
36 2 64
53 71 194
6 46 116
28 69 63
29 28 85
37 8 186
74 29 64
45 10 115
47 74 45
5 71 34
48 6 80
67 21 81
17 60 118
24 35 136
63 54 111
16 58 33
42 13 190
58 19 86
27 58 190
76 29 129
73 19 107
6 28 197
9 71 2
5 19 29
14 70 136
48 59 72
15 34 191
22 6 183
54 34 157
15 26 79
34 32 144
71 68 125
43 35 59
14 76 58
75 31 197
28 52 138
8 18 133
28 35 95
70 60 196
37 56 173
67 6 195
9 69 43
23 50 198
32 75 96
71 38 156
30 41 113
19 27 154
17 18 185
9 1 189
38 10 123
43 69 76
43 73 44
22 31 70
44 9 68
70 38 27
23 75 58
51 35 21
1 10 86
26 21 186
35 71 64
38 28 83
37 63 102
31 33 102
59 3 182
300 70 82 874
54 7 35
7 4 51
41 74 35
6 62 170
50 82 110
64 54 52
72 33 18
48 82 148
6 59 197
64 11 15
5 76 130
70 16 198
66 40 27
81 17 68
78 1 169
82 31 44
30 38 153
2 25 156
53 22 102
59 24 83
71 12 142
26 39 181
67 16 171
12 4 33
24 29 111
13 65 70
43 5 46
62 28 46
20 72 65
43 42 79
14 69 63
82 61 9
56 37 138
67 2 48
58 2 91
16 29 106
8 19 54
61 34 124
13 70 175
79 17 191
11 48 29
8 3 145
55 30 120
45 62 94
14 6 34
69 68 150
62 54 38
39 12 6
3 55 39
7 29 200
36 78 89
7 3 186
6 42 45
41 53 129
38 17 19
10 34 123
44 4 167
78 61 94
52 50 81
6 21 162
68 57 70
16 50 18
1 27 123
12 48 82
36 52 52
43 82 173
16 69 101
75 60 153
68 35 23
72 50 10
69 37 83
1 55 179
39 38 136
18 47 132
19 21 149
41 3 145
75 45 69
2 75 145
32 52 77
62 69 138
54 77 69
73 39 148
13 75 56
59 5 123
59 81 159
54 66 10
40 76 23
11 60 82
50 20 55
11 44 55
32 41 40
2 53 160
12 35 7
64 52 113
13 65 69
24 50 180
69 71 14
79 37 114
52 17 167
26 37 52
63 53 55
77 75 44
33 69 47
36 15 38
79 6 193
9 42 166
21 27 90
16 43 60
2 75 159
11 34 11
50 53 80
14 46 70
34 21 107
16 6 122
63 72 57
82 59 25
81 50 44
52 43 89
68 25 35
57 19 36
8 57 177
7 20 27
47 81 59
21 10 27
57 1 120
67 47 89
52 71 39
63 73 117
43 60 176
21 54 30
23 61 37
56 29 119
33 72 160
21 50 10
26 24 35
2 50 3
37 1 58
30 70 161
71 74 131
47 1 83
55 14 159
34 77 109
30 60 65
26 19 158
33 60 200
25 73 102
66 14 11
37 51 29
23 48 71
81 19 26
2 68 77
46 25 23
70 52 152
67 17 72
45 2 175
62 63 40
80 76 119
9 63 15
72 9 117
43 19 152
16 33 175
48 71 156
53 38 146
46 57 176
40 29 76
49 75 81
2 60 73
38 39 158
22 4 54
64 58 177
36 52 129
80 51 169
18 70 155
62 40 58
60 21 123
65 34 184
54 39 104
34 56 58
10 23 34
11 81 100
19 49 76
72 43 10
58 16 79
41 25 174
67 72 120
52 81 16
69 18 31
33 57 35
54 73 47
53 63 6
68 48 147
69 56 75
42 53 142
9 30 49
15 82 99
47 3 56
2 53 17
15 48 197
80 81 15
12 54 51
68 58 42
11 48 116
66 31 90
28 2 147
5 37 86
51 56 166
13 80 116
79 7 78
57 42 150
52 68 187
21 29 179
74 40 25
21 27 95
45 63 35
50 49 127
71 44 29
30 55 167
1 38 48
11 53 88
8 62 22
60 22 108
35 3 2
3 8 109
77 24 152
64 67 171
1 60 128
39 38 35
42 13 37
21 18 97
72 49 80
9 8 135
60 63 47
28 66 18
24 6 180
79 51 9
36 29 164
2 38 44
55 76 165
14 54 166
58 21 142
80 36 55
45 12 196
16 58 58
46 45 153
59 81 156
27 74 196
60 56 167
2 54 199
25 46 111
35 38 147
11 13 13
68 45 128
76 5 186
53 7 200
61 63 15
10 54 181
2 49 23
70 24 167
25 10 47
75 46 155
25 28 186
31 27 88
52 34 190
11 13 12
51 16 81
19 35 198
76 8 163
30 32 72
74 56 106
10 50 156
72 69 118
35 33 3
24 67 159
6 49 5
19 77 166
62 80 171
32 44 143
77 72 126
11 70 152
23 62 108
5 49 105
48 27 40
76 55 68
53 15 195
59 2 93
14 19 55
34 68 171
7 69 37
41 39 106
66 4 47
54 14 102
63 41 135
50 7 128
76 42 2
82 32 44
20 3 66
60 24 153
25 28 21
44 53 87
42 67 59
235 86 36 769
66 38 128
23 46 192
77 67 48
73 5 143
64 20 141
32 71 110
31 58 79
9 69 187
37 26 81
80 43 77
17 80 68
34 17 115
68 20 192
32 38 155
69 7 80
26 81 19
67 60 36
70 21 173
72 36 144
7 28 193
62 17 28
84 78 174
80 41 170
25 20 179
2 81 85
35 39 178
47 84 167
3 2 95
14 58 37
74 66 100
6 79 27
60 77 38
85 76 93
25 50 112
9 5 48
12 77 125
84 4 190
31 37 14
72 46 25
5 65 89
34 36 92
53 80 148
70 39 147
43 55 133
17 15 127
33 76 71
39 28 190
48 7 170
34 60 169
60 33 70
53 25 121
4 79 114
21 54 73
54 60 194
9 51 148
8 20 187
67 47 93
3 28 166
66 43 200
35 3 60
17 81 165
85 53 87
82 53 125
65 72 59
72 58 163
54 6 175
53 47 182
15 8 107
37 5 41
33 34 26
11 15 175
29 11 179
74 39 9
68 41 51
64 40 152
10 65 192
79 25 29
9 81 45
44 58 191
65 73 155
66 70 197
34 16 182
3 43 105
10 35 149
57 75 191
38 48 135
27 55 112
34 43 73
59 56 136
62 6 102
66 16 83
11 18 9
72 74 58
50 65 46
14 49 159
21 68 47
85 22 66
42 29 104
58 24 104
78 61 36
32 72 174
54 19 155
3 37 195
37 84 118
49 38 41
21 64 94
44 53 20
44 12 3
60 73 84
34 7 6
4 15 95
8 36 131
59 29 178
78 5 130
9 58 174
61 45 9
14 83 7
32 80 187
29 69 117
36 44 195
15 57 173
37 66 41
65 31 141
21 73 112
22 74 92
66 43 177
20 49 52
58 5 62
6 25 44
34 25 98
30 55 45
9 2 127
43 39 33
20 62 70
40 22 185
85 55 160
36 30 43
38 59 117
43 35 90
22 48 121
80 37 40
22 10 69
28 55 112
46 56 180
9 63 184
83 68 37
70 78 149
52 31 43
12 39 192
83 80 53
48 9 86
55 62 99
61 62 100
67 27 50
1 38 76
48 16 49
36 34 130
6 51 52
10 80 60
1 5 46
11 58 198
18 73 69
17 61 121
85 18 8
70 83 79
68 62 131
66 34 99
3 58 99
68 58 161
37 58 126
41 10 184
60 85 137
18 64 53
46 47 195
56 24 56
28 34 107
77 75 69
25 31 187
66 78 86
43 33 18
52 31 188
50 2 124
12 53 26
66 40 191
83 51 194
65 24 195
71 79 27
23 65 187
22 61 166
30 20 92
65 29 178
83 62 108
13 72 53
54 51 183
62 51 49
66 20 22
6 55 176
37 78 176
13 82 106
21 38 49
63 5 98
2 73 130
4 55 171
45 9 148
78 44 31
81 24 8
63 24 22
74 14 86
86 16 152
28 48 57
49 82 23
62 6 5
84 5 132
34 50 46
7 37 151
50 76 94
1 34 49
10 52 66
76 24 29
40 75 95
51 42 73
44 49 6
86 48 43
69 1 108
30 65 184
79 8 119
56 78 55
49 4 68
55 54 186
40 24 149
28 25 23
34 29 96
32 75 50
77 76 26
44 49 49
139 28 16 317
25 26 10
24 8 147
23 22 103
5 20 159
2 18 160
1 3 93
8 17 111
19 27 19
19 2 138
13 9 150
16 26 186
23 20 145
5 15 108
26 2 152
6 27 126
2 25 35
6 7 53
4 27 160
25 19 140
21 19 143
27 4 172
26 11 116
1 24 112
5 8 170
13 8 84
10 27 192
4 10 134
3 20 147
13 24 49
13 11 123
15 8 97
24 10 42
16 22 108
3 24 133
15 18 72
26 4 65
9 19 95
8 16 144
5 1 60
19 1 46
26 9 47
13 28 115
25 3 86
13 26 174
1 7 7
20 1 128
18 26 187
9 21 199
17 7 181
12 15 39
27 16 93
22 2 101
3 22 53
18 14 101
26 22 181
12 6 113
15 11 13
8 12 35
27 16 53
10 5 25
28 8 133
4 22 158
4 25 103
18 12 61
18 14 99
1 25 129
6 23 20
22 15 9
4 24 176
4 6 151
25 24 70
15 20 45
26 25 23
19 27 7
14 7 173
23 15 133
14 8 170
9 23 80
19 9 46
7 9 167
25 1 177
3 2 165
8 11 136
11 3 84
19 4 193
5 8 192
15 4 38
14 24 174
4 2 67
7 15 83
12 7 160
12 21 115
17 1 41
11 12 138
9 1 127
28 11 191
7 12 176
26 16 6
13 21 55
6 15 145
17 27 48
3 20 128
10 12 175
21 15 105
25 28 67
27 7 128
3 26 117
19 22 66
7 10 93
23 21 55
20 6 108
16 9 80
15 22 20
20 18 14
11 8 148
24 16 122
7 20 69
28 9 188
11 14 67
20 14 90
16 17 196
28 6 64
2 15 167
19 23 90
11 22 128
12 15 36
5 25 158
15 16 169
20 2 160
26 3 18
2 21 150
28 1 142
26 23 137
23 25 158
28 16 97
22 1 144
9 15 22
27 24 85
16 14 24
299 18 65 798
41 12 9
2 44 186
48 35 167
54 24 196
36 8 110
48 64 50
51 1 31
33 36 150
1 2 66
12 40 18
45 49 161
65 3 64
6 18 193
17 62 158
45 50 158
48 23 29
15 22 10
61 20 86
22 8 170
22 30 39
50 54 112
4 20 120
21 16 12
50 35 24
62 60 128
51 14 119
40 23 152
29 37 198
4 35 44
16 34 26
10 11 30
61 27 85
7 46 12
10 9 1
8 19 67
45 15 149
3 24 179
25 4 15
28 59 123
16 39 174
40 35 129
4 2 25
55 30 133
28 19 13
15 63 72
41 50 32
8 16 80
52 22 145
41 25 92
60 40 104
52 64 131
5 42 116
39 1 173
61 25 171
27 35 34
26 21 185
31 41 175
35 18 182
2 12 60
28 36 183
50 51 113
44 15 63
65 5 185
15 38 80
6 31 2
55 25 57
34 4 33
62 50 65
4 2 160
57 58 173
26 58 183
65 33 21
46 65 108
34 33 174
36 12 172
13 27 104
10 11 144
29 26 63
16 3 159
24 2 101
43 55 160
59 23 84
41 15 193
8 34 37
34 54 175
39 55 156
47 58 103
14 31 158
32 19 145
32 9 199
13 18 153
11 63 99
24 32 62
53 1 65
1 52 79
8 59 5
16 28 79
12 11 105
27 22 51
27 55 158
51 10 130
29 35 55
23 38 193
19 18 130
36 13 61
23 14 136
33 39 102
11 59 133
37 50 166
55 39 52
20 57 145
31 13 71
55 34 35
56 23 142
42 54 52
63 9 111
29 9 159
65 33 187
52 40 148
12 4 156
28 56 148
23 10 56
29 51 182
7 24 63
15 3 47
44 57 110
33 46 135
58 13 189
54 17 200
36 21 183
28 10 107
30 35 142
49 13 9
13 12 56
29 46 144
6 20 144
59 34 193
2 10 21
64 17 167
61 14 109
7 48 108
7 60 67
8 26 21
39 50 137
21 57 147
46 39 64
5 26 79
64 61 63
56 58 116
44 19 7
4 49 156
4 17 4
25 12 164
24 62 93
10 3 167
36 14 116
33 22 72
13 44 36
30 28 5
34 40 102
6 28 161
59 55 1
47 3 33
48 33 125
57 13 148
60 22 139
18 21 160
47 29 53
5 8 9
62 6 115
9 56 63
1 39 71
19 21 3
42 46 187
39 5 129
1 10 138
53 20 190
51 30 53
30 39 20
23 62 143
6 8 87
40 18 96
52 4 4
34 16 161
15 35 124
52 31 137
65 6 80
49 28 22
6 47 172
51 6 76
27 52 193
39 57 69
3 22 96
30 8 30
29 9 114
26 59 94
27 34 25
24 20 130
44 55 153
46 57 87
52 9 115
61 25 92
19 49 141
20 63 1
37 21 6
54 34 188
5 58 24
12 21 127
24 2 70
4 65 186
27 57 180
43 2 87
38 44 16
31 36 170
51 23 26
17 18 56
9 15 36
18 53 21
45 20 30
41 64 111
37 21 17
17 62 85
11 13 167
33 19 87
42 55 108
20 23 195
26 14 154
45 36 156
50 37 122
16 23 118
52 35 15
42 25 27
36 34 148
54 5 58
4 28 77
20 53 16
46 34 66
42 60 131
1 41 183
26 30 165
9 47 183
22 57 29
24 33 8
13 50 3
48 12 188
22 2 65
39 56 131
36 38 127
17 10 41
20 41 118
39 35 19
34 52 28
38 34 165
38 40 129
10 45 122
20 13 47
45 65 79
49 43 106
15 28 134
41 57 44
19 64 36
51 55 78
60 50 14
11 26 116
26 16 184
48 41 139
16 15 195
28 6 153
22 18 169
62 21 11
28 9 178
29 19 159
43 26 47
59 30 160
45 27 166
13 28 7
63 1 104
25 9 16
25 39 139
26 64 130
5 9 134
53 18 126
39 64 189
1 6 31
57 42 67
40 4 165
62 17 144
60 21 106
20 64 29
29 45 17
9 39 65
50 37 50
46 64 124
57 64 68
41 52 114
16 46 151
2 65 49
16 62 96
51 45 112
42 94 34 510
69 33 99
34 45 6
63 81 70
89 85 125
23 52 33
81 80 101
63 84 3
94 47 149
50 2 37
46 78 79
15 7 52
66 59 35
54 58 95
10 30 75
55 17 43
63 74 77
60 54 119
86 77 38
51 32 156
65 31 174
57 37 115
41 42 150
55 79 53
28 31 35
22 70 173
5 31 197
50 49 139
63 75 149
19 89 36
45 22 107
46 3 183
64 16 44
89 58 18
35 33 60
81 19 151
68 88 188
23 12 35
53 86 34
89 6 89
82 11 198
2 16 190
75 89 112
267 28 5 849
16 18 155
2 24 135
1 19 134
18 23 98
1 17 70
25 18 92
19 10 152
13 12 39
24 3 44
19 16 36
20 10 172
17 7 24
25 10 178
10 28 164
9 15 127
17 25 80
12 17 82
12 18 26
6 11 194
17 2 156
16 20 172
16 19 81
16 9 175
9 11 70
5 13 101
22 18 79
8 7 68
13 21 1
26 12 103
5 22 6
25 11 68
10 9 3
7 6 144
13 4 55
12 5 90
17 13 6
10 4 39
2 28 29
22 10 99
17 25 72
25 20 180
4 22 113
17 9 105
8 9 138
12 24 199
2 12 191
21 27 96
3 20 117
4 28 1
12 27 132
19 7 109
18 11 180
16 26 102
22 10 18
11 5 144
23 25 110
22 27 94
15 6 103
22 1 31
25 13 68
28 12 23
24 3 176
21 12 131
18 6 165
1 8 118
1 10 109
12 13 144
24 23 156
8 15 101
1 19 89
11 16 165
17 13 162
14 22 174
8 17 95
5 15 155
2 24 94
20 6 38
27 25 147
8 23 82
4 13 37
8 19 118
27 7 67
8 18 14
23 21 119
24 11 35
7 27 185
21 27 136
19 4 57
21 16 134
24 11 72
10 24 156
15 25 94
27 14 67
3 4 51
27 24 189
20 5 117
17 2 6
23 14 123
18 13 90
13 19 84
13 8 63
17 4 177
1 10 120
6 9 142
24 27 18
15 5 56
6 14 94
3 13 128
1 14 63
10 4 116
13 25 83
8 3 146
13 17 122
25 8 89
10 28 146
18 11 171
12 1 41
19 3 106
1 23 40
6 13 103
7 3 166
10 3 18
20 11 170
7 28 72
13 6 163
4 16 125
17 12 178
7 2 133
2 23 172
8 27 58
3 22 59
11 14 139
28 21 38
7 5 124
10 21 147
20 17 168
27 16 45
15 3 163
13 4 130
5 6 84
9 12 27
15 24 58
19 16 79
27 8 189
13 25 53
26 3 156
21 11 42
7 11 31
27 25 191
15 16 9
3 8 156
15 11 150
5 22 7
6 26 111
10 19 136
20 1 129
26 18 106
19 22 54
26 7 126
27 7 14
9 18 94
18 8 198
18 7 157
11 15 70
10 17 66
11 10 117
24 21 100
8 4 30
9 8 175
13 25 69
27 4 114
8 28 181
17 25 56
17 13 106
9 15 170
8 16 88
27 10 177
19 25 84
18 20 172
15 19 166
23 22 52
5 27 102
5 16 10
15 7 4
7 10 107
2 14 107
13 22 18
8 23 91
22 1 20
25 26 16
12 23 63
24 14 198
18 1 93
15 1 188
28 15 79
1 17 33
27 26 141
2 21 19
22 1 167
26 28 113
6 11 190
2 13 139
2 4 200
25 17 92
27 23 113
24 7 186
20 22 171
12 15 118
6 2 70
19 23 21
11 2 185
8 18 29
20 14 6
10 27 32
15 7 63
19 13 111
21 15 46
10 20 99
11 3 24
16 15 151
11 13 118
1 21 34
26 11 7
10 4 94
4 3 109
10 25 20
27 1 171
14 16 147
4 3 79
28 2 25
27 25 160
4 12 13
19 18 151
27 28 29
10 9 197
22 23 152
13 22 131
11 22 49
6 7 86
14 9 86
6 19 179
17 4 169
26 15 146
15 5 73
15 2 131
13 3 198
3 16 157
22 17 150
13 28 111
9 14 164
3 4 77
25 24 141
4 26 110
12 14 89
23 1 2
27 4 68
8 27 2
18 12 7
4 7 136
17 27 63
27 8 81
26 5 63
19 7 102
23 22 30
11 16 37
7 19 75
6 3 111
