100
900041
918467
906334
926500
919169
915724
911478
929358
926962
924464
905705
928145
923281
916827
909961
900491
902995
911942
904827
905436
932391
914604
903902
900153
900292
912382
917421
918716
919718
919895
905447
921726
914771
911538
901869
919912
925667
926299
917035
909894
928703
923811
931322
930333
917673
904664
915141
907711
928253
906868
925547
927644
932662
932757
920037
912859
908723
909741
927529
900778
912316
903035
922190
901842
900288
930106
909040
908942
919264
922648
927446
923805
915890
906729
924370
915350
915006
931101
924393
903548
919629
912623
924084
919954
918756
911840
904966
907376
913931
926308
916944
932439
924626
911323
905537
921538
916118
902082
922929
916541
