100
70643035 68526
3404032 35666
57379441 13731
76609136 96449
62169978 38725
45364734 43941
49356013 56623
59475690 34498
64743252 45155
91287995 74102
78243131 2523
84877952 58903
16117571 73325
56230450 41192
589910 84890
16489781 13944
69816565 93140
51853565 53144
96657324 62154
3462861 85015
32757415 25809
1027739 58236
94318943 68528
21792016 50878
38475336 57739
64644003 69599
21873406 97637
11068371 17064
19463207 96495
9374617 72369
81499959 26838
48316941 35621
1273857 58219
21121779 93919
22591844 42213
39754242 89723
10533013 27956
20965511 48898
68489030 6130
43648382 50877
7508680 817
61794181 34412
836254 85539
36622663 88604
85753522 51072
2468861 64581
85957289 10710
41953035 92802
90923597 76710
16443309 46133
7985845 22485
71337782 96307
96557231 789
64805920 82213
70150550 59446
65275097 71707
94721864 71235
87927412 97194
10060244 72223
42973541 2462
20278722 62986
41601240 971
23311865 71396
7313326 3969
81963345 91560
2638357 60670
72058038 53849
28156354 38877
99809013 54267
38545870 68236
12012070 64120
25617450 12955
20777910 93731
3822529 68880
4229904 42841
80459305 21592
68545000 70755
80457476 18584
84557348 44728
50978297 63041
688487 69760
80717899 26018
74863419 99923
16940563 20887
69091033 58687
28936478 66112
31835288 37929
24449381 90412
86789617 41131
23506213 31604
80794667 69467
25127835 38948
2088871 38796
21997150 55508
68022730 73709
14502232 68917
72624514 95184
80934498 31718
29209975 56390
43397243 56454