1000
70 384
381 778
165 794
3 387
371 650
73 363
537 691
6 764
77 541
38 173
108 212
141 568
278 783
106 863
11 68
642 930
22 23
37 70
118 394
10 12
63 230
127 422
752 785
83 199
166 316
136 414
52 92
831 957
195 863
993 997
27 306
37 85
177 337
431 847
269 314
20 125
268 583
687 815
374 435
42 44
56 88
1 277
528 789
379 404
4 755
417 933
401 677
652 740
65 227
64 95
18 796
283 435
165 468
76 98
132 318
49 653
150 302
244 287
641 866
364 445
276 441
21 32
39 98
31 482
647 710
16 568
273 498
400 587
172 307
84 220
502 529
640 733
11 504
240 271
439 709
239 341
787 797
74 619
397 847
801 922
148 380
113 765
48 842
138 194
9 35
39 125
80 988
3 744
49 228
396 860
76 433
4 438
59 276
96 475
227 859
7 30
73 236
47 819
51 144
801 929
769 777
355 444
474 614
157 607
413 905
18 129
107 370
414 918
18 325
356 471
167 491
313 773
465 645
37 506
91 955
482 670
512 543
3 198
96 356
254 349
415 623
243 300
257 747
95 341
274 312
565 606
606 662
473 879
158 321
271 445
55 523
55 709
146 283
912 925
23 63
370 601
248 453
370 380
428 469
595 974
64 882
596 934
114 661
181 200
796 900
813 960
590 814
50 191
740 927
65 85
25 91
250 377
332 937
168 446
138 180
548 888
45 349
369 660
74 337
302 343
168 207
258 714
177 322
679 820
412 722
531 940
915 941
4 706
94 128
603 985
232 921
95 423
71 397
98 631
181 293
451 673
243 626
1 223
173 641
698 899
147 299
515 525
81 210
136 820
407 733
434 995
69 380
152 274
193 851
649 861
424 580
599 994
487 622
178 505
950 962
147 327
97 945
86 203
721 785
255 843
158 529
519 873
456 959
15 37
576 754
133 304
22 134
645 891
370 568
294 369
3 501
278 789
240 250
281 304
17 364
38 254
657 687
40 153
388 976
149 158
169 437
186 415
15 461
11 29
14 51
489 557
117 795
243 700
2 40
141 429
122 501
306 648
111 160
206 536
172 340
207 216
424 505
14 50
149 286
55 344
4 178
96 239
539 950
212 368
220 293
360 744
180 830
58 683
233 542
744 827
42 262
130 361
17 24
57 82
46 191
746 997
624 678
129 691
407 525
203 615
72 206
302 313
71 101
166 727
530 917
181 579
931 947
586 648
24 52
505 632
451 858
189 313
35 215
5 513
49 413
473 611
164 190
193 356
6 621
112 988
214 339
286 771
2 857
262 607
487 850
13 206
174 218
165 946
98 874
649 874
93 290
110 608
154 758
17 472
63 101
546 619
18 26
8 75
123 158
400 494
225 271
117 418
493 570
115 623
163 174
406 432
335 683
42 293
37 58
425 522
116 575
511 948
141 232
38 538
35 55
53 99
14 82
436 517
171 232
171 797
82 339
60 219
101 971
591 813
907 978
318 537
57 177
191 208
4 858
411 500
14 128
169 237
506 819
141 564
136 245
800 806
267 292
694 956
378 590
20 994
536 806
538 823
294 718
40 94
78 127
346 487
450 544
678 815
17 180
557 763
60 89
584 711
157 295
48 347
75 138
119 154
416 574
757 926
252 711
138 218
195 964
7 91
105 131
109 572
307 634
23 790
141 605
504 806
409 869
440 486
7 196
470 950
610 968
217 764
84 597
102 866
4 37
354 771
122 212
514 533
1 380
255 271
88 173
205 235
172 284
265 399
43 64
180 951
240 574
42 60
44 48
23 83
163 233
133 955
22 899
469 641
22 160
261 263
28 42
424 724
90 273
125 155
41 822
285 366
168 172
148 270
289 702
233 654
567 908
143 729
450 798
8 85
178 335
408 992
344 899
8 53
9 190
285 507
8 17
69 110
1 1
23 110
28 82
290 339
317 427
31 148
667 788
249 533
147 282
838 851
211 591
21 351
293 814
371 495
55 82
428 721
460 983
95 488
129 297
382 405
623 893
98 298
21 135
316 507
16 58
551 596
853 963
56 484
122 155
147 310
650 933
18 22
16 564
477 683
134 686
284 286
87 991
121 315
94 117
389 893
442 529
394 526
45 137
527 619
262 338
278 583
73 311
769 889
10 816
401 438
5 9
302 784
221 658
306 828
151 270
61 652
63 911
238 640
688 889
385 394
66 891
152 200
431 932
141 778
110 658
492 953
511 642
176 369
15 185
734 777
163 267
208 955
161 309
216 279
156 556
370 775
1 1
91 998
146 413
191 383
290 694
334 440
411 422
81 986
236 355
545 763
150 542
143 853
176 663
217 400
153 155
10 16
588 852
96 791
80 492
21 38
48 860
480 872
144 988
125 591
339 971
517 666
57 70
95 362
32 352
177 301
321 639
339 365
23 33
1 105
21 680
409 413
296 970
128 171
100 845
614 650
172 466
38 327
175 184
475 970
22 153
202 394
109 290
1 632
15 265
153 549
181 878
374 834
355 950
13 156
140 469
665 961
86 824
86 172
76 678
213 246
314 762
10 324
11 101
64 76
41 43
219 660
54 290
218 470
144 552
83 384
85 134
211 305
99 982
578 667
392 968
39 193
551 903
86 132
7 175
568 719
41 184
384 488
405 574
48 63
281 934
156 497
111 142
363 727
36 981
108 486
128 306
29 30
15 899
183 563
360 720
444 642
7 11
101 727
40 790
143 709
796 939
69 494
680 711
318 906
205 614
316 639
353 422
821 830
165 181
43 96
13 25
151 155
162 570
790 970
132 374
425 434
123 588
19 95
351 500
24 340
475 743
31 87
115 350
135 187
2 12
107 134
345 723
593 774
62 520
329 355
14 125
3 260
13 419
145 713
544 706
679 734
424 735
91 316
77 88
550 670
306 488
704 838
30 90
126 206
661 705
389 558
176 404
129 893
342 523
311 444
262 362
38 379
248 701
402 883
51 900
36 590
194 354
498 949
24 37
20 108
152 418
130 922
226 481
129 995
45 124
64 934
314 318
401 932
535 710
89 157
45 70
182 996
95 172
419 570
346 802
208 653
16 341
20 744
33 92
334 528
642 879
13 51
83 125
104 214
370 500
163 795
81 116
197 343
285 438
84 199
502 940
191 514
35 129
751 805
224 347
3 139
324 496
208 422
7 227
28 159
134 357
126 646
140 447
107 112
237 604
58 826
143 217
44 175
120 597
246 268
13 14
380 520
279 651
726 833
230 280
917 954
214 296
45 108
270 938
157 977
146 585
60 84
242 493
74 497
923 940
216 736
214 874
48 165
185 252
658 752
224 340
74 166
119 303
71 80
171 548
51 485
31 562
773 932
102 529
74 495
461 544
44 124
47 188
134 644
830 989
173 321
51 99
18 19
162 464
74 696
495 506
51 143
90 99
34 473
258 854
436 798
260 548
315 517
269 913
36 878
365 554
614 933
35 36
82 108
4 50
674 862
273 335
246 326
246 429
57 764
112 116
26 382
111 186
50 101
160 409
13 350
634 880
185 317
571 586
272 766
810 931
850 893
19 630
239 753
76 367
9 396
339 429
477 848
7 27
31 63
303 630
94 101
190 398
734 776
435 545
280 321
511 519
314 795
41 135
629 909
52 63
297 687
338 433
570 808
539 835
419 597
676 985
7 325
101 466
638 717
165 344
185 188
548 603
235 361
700 880
703 942
303 925
4 136
1 163
720 871
162 164
752 812
275 516
72 235
63 291
99 694
180 340
18 495
10 214
364 383
343 476
649 739
801 952
29 812
74 169
73 814
477 500
422 536
424 465
299 347
71 73
331 741
259 624
1 58
413 794
38 282
1 115
318 372
2 597
140 884
185 568
511 801
660 675
322 434
316 458
29 950
66 524
15 293
239 630
294 336
140 141
15 44
126 340
14 26
598 654
47 53
896 958
183 288
195 541
207 827
99 206
389 879
50 170
54 228
310 521
94 222
764 884
111 268
144 383
443 512
77 554
206 609
678 769
166 199
312 969
3 10
199 504
143 255
39 58
689 824
236 397
742 943
9 13
555 856
431 855
89 135
220 282
83 974
597 639
372 414
322 900
395 485
536 662
516 781
455 924
1 1
1 1
951 953
447 505
238 760
154 526
84 118
177 637
440 561
328 615
787 938
231 749
82 621
504 864
104 833
3 5
447 459
42 128
255 369
408 570
26 342
333 375
74 606
395 902
637 990
205 491
50 733
505 700
1 1
350 458
68 349
1 18
67 170
468 570
67 129
11 19
512 586
165 281
568 755
239 708
128 401
5 22
762 789
58 191
462 635
231 326
420 462
109 143
135 192
330 521
303 555
39 143
624 931
1 35
183 309
487 781
97 645
102 546
116 523
301 926
42 736
481 493
120 297
443 531
1 50
97 513
584 590
227 449
201 429
348 558
527 577
76 798
14 140
1 6
399 783
297 524
159 237
74 418
205 354
279 725
242 351
462 711
230 243
158 165
397 642
33 112
217 411
331 791
395 956
496 917
539 782
680 959
252 807
119 902
553 675
93 266
266 567
331 670
83 135
